99
-199 -18
-198 -26
-197 -33
-196 -39
-193 -52
-187 -70
-184 -78
-173 -100
-168 -108
-166 -111
-157 -123
-153 -128
-148 -134
-132 -150
-122 -158
-114 -164
-103 -171
-89 -179
-80 -183
-68 -188
-65 -189
-55 -192
-33 -197
-27 -198
-19 -199
19 -199
27 -198
39 -196
51 -193
58 -191
73 -186
82 -182
98 -174
105 -170
108 -168
129 -152
135 -147
146 -136
159 -121
162 -117
175 -96
183 -80
186 -73
190 -62
191 -59
194 -48
197 -33
198 -27
200 0
199 19
198 27
197 33
194 48
191 59
190 62
186 73
183 80
175 96
170 105
162 117
159 121
155 126
146 136
135 147
129 152
120 159
108 168
105 170
82 182
73 186
58 191
39 196
27 198
19 199
-19 199
-27 198
-43 195
-55 192
-65 189
-68 188
-80 183
-89 179
-111 166
-114 164
-122 158
-132 150
-148 134
-153 128
-157 123
-166 111
-173 100
-184 78
-187 70
-193 52
-195 44
-196 39
-197 33
-198 26
-199 18
