100
96
9 18 28 43 60 70 85 97 113 122 137 149 163 179 187 200 211 222 234 239 254 269 282 291 305 311 323 339 349 358 375 387 399 412 660 673 682 693 708 720 735 753 767 781 791 808 819 838 850 863 877 886 897 914 920 935 952 961 972 984 994 1011 1018 1029 1042 1060 1076 1093 1102 1112 1124 1133 1141 1153 1166 1178 1193 1206 1217 1221 1234 1242 1260 1270 1289 1298 1305 1318 1335 1340 1350 1363 1377 1393 1413 1427
91
16 30 41 54 79 98 117 134 143 163 179 195 210 224 241 259 276 288 306 320 330 349 369 384 402 415 430 447 464 477 497 514 539 551 561 577 587 599 612 628 640 660 672 691 715 727 740 761 776 790 807 822 841 854 870 885 895 916 927 940 954 971 992 1013 1031 1047 1064 1087 1109 1125 1137 1160 1173 1185 1200 1208 1227 1238 1253 1269 1283 1298 1314 1327 1333 1347 1359 1374 1389 1405 1422
22
57 287 343 402 459 524 570 610 655 701 755 810 850 909 972 1030 1093 1155 1219 1273 1328 1388
98
6 17 41 59 69 84 93 104 115 129 142 153 166 172 181 194 206 214 225 234 245 257 271 283 303 314 323 338 347 358 370 380 394 405 418 431 447 462 478 495 512 531 540 551 564 574 581 593 610 621 630 637 649 663 672 684 697 711 723 736 753 768 781 1023 1037 1044 1050 1062 1070 1081 1095 1109 1121 1134 1143 1154 1164 1174 1183 1204 1220 1226 1241 1256 1267 1282 1293 1303 1317 1330 1346 1354 1366 1380 1392 1405 1413 1428
67
23 47 65 88 99 119 139 158 186 209 226 242 267 288 318 338 367 385 404 430 449 469 489 520 539 560 586 607 623 644 660 678 699 717 742 766 790 810 834 854 869 889 915 938 956 974 996 1014 1037 1066 1087 1104 1131 1152 1176 1201 1220 1231 1250 1266 1292 1312 1335 1349 1377 1410 1422
95
14 30 46 59 68 81 97 110 121 136 147 159 175 186 195 212 227 240 253 273 282 293 307 326 340 360 375 388 400 418 432 446 458 476 489 507 526 544 564 584 604 620 629 639 657 676 686 713 729 742 756 784 792 802 819 833 850 865 879 893 906 923 939 956 970 985 1009 1025 1041 1054 1073 1091 1103 1118 1139 1156 1167 1176 1193 1208 1221 1237 1251 1259 1276 1289 1307 1321 1337 1354 1365 1381 1397 1412 1425
85
11 35 51 62 77 86 105 118 133 151 159 173 197 211 220 232 246 257 267 276 288 306 312 325 343 358 367 381 390 404 411 425 442 459 471 478 498 513 524 532 536 552 570 586 599 612 626 637 651 658 673 684 698 943 955 965 986 999 1017 1026 1049 1061 1076 1087 1103 1117 1138 1155 1172 1190 1208 1225 1239 1253 1266 1281 1295 1313 1334 1351 1365 1375 1391 1410 1424
62
10 24 35 44 63 76 89 100 107 123 138 147 160 174 189 198 409 421 438 446 460 469 691 707 721 734 746 757 767 776 794 802 809 819 828 841 851 859 879 888 901 916 927 940 1109 1117 1124 1135 1145 1155 1159 1177 1186 1196 1207 1225 1231 1379 1392 1405 1417 1430
35
36 76 108 152 200 239 272 307 340 373 410 442 479 516 561 601 643 782 816 860 895 926 971 1002 1037 1084 1114 1160 1198 1241 1281 1318 1352 1373 1405
73
14 31 44 60 76 99 112 132 144 152 169 192 207 226 236 250 268 282 298 314 325 346 360 382 411 434 454 483 497 518 534 552 569 593 606 630 651 663 682 696 868 882 903 918 931 950 966 980 996 1018 1044 1062 1076 1095 1115 1136 1154 1173 1185 1203 1220 1233 1254 1272 1287 1310 1324 1332 1354 1368 1389 1409 1426
94
10 29 42 56 70 82 94 106 121 137 147 161 174 184 201 215 231 240 254 266 282 294 305 324 333 345 355 369 385 395 406 415 427 448 460 471 481 501 516 534 677 690 702 717 736 747 763 780 797 810 834 845 855 869 881 895 908 920 942 962 976 989 1003 1014 1025 1041 1058 1078 1099 1115 1128 1140 1154 1168 1183 1199 1210 1228 1237 1248 1265 1279 1290 1301 1313 1330 1340 1348 1358 1379 1393 1407 1421 1432
22
56 111 171 213 277 339 408 473 524 571 642 678 877 940 1010 1060 1117 1167 1218 1265 1312 1373
92
18 35 43 57 71 91 103 115 129 145 168 187 197 214 227 245 262 276 293 304 319 332 351 362 376 395 408 418 440 456 468 484 499 512 522 539 556 576 587 606 625 636 650 659 668 688 703 712 730 744 759 769 787 800 817 834 854 871 888 896 916 942 965 977 995 1008 1023 1038 1050 1068 1084 1096 1108 1128 1151 1176 1186 1203 1220 1236 1248 1267 1281 1302 1316 1335 1350 1364 1380 1392 1406 1425
86
10 24 36 48 61 76 91 105 116 130 149 162 179 193 210 224 238 253 260 278 288 298 313 333 346 360 377 390 406 422 433 447 460 476 490 728 742 756 771 787 801 815 827 838 855 868 884 898 911 926 940 950 964 973 985 1001 1011 1024 1038 1052 1065 1079 1095 1110 1124 1139 1157 1170 1182 1197 1213 1229 1244 1258 1270 1285 1294 1306 1326 1340 1367 1376 1383 1401 1414 1431
83
25 39 59 85 108 124 145 156 170 187 201 220 239 257 274 295 309 322 337 364 377 390 404 421 440 453 471 488 507 527 547 565 580 592 613 631 656 679 700 723 736 751 769 787 803 819 839 851 872 892 908 921 937 955 969 995 1017 1036 1061 1073 1087 1099 1117 1130 1145 1162 1178 1191 1204 1226 1236 1249 1261 1275 1294 1310 1326 1342 1351 1367 1392 1408 1425
99
13 26 45 61 72 88 105 118 132 145 158 165 176 188 201 213 229 251 265 276 291 306 319 328 337 349 365 388 404 424 437 458 474 485 502 519 538 556 563 575 586 602 614 630 646 658 675 691 705 718 733 742 757 776 790 804 817 833 843 857 868 878 890 904 917 935 950 964 973 989 1005 1024 1042 1054 1067 1086 1097 1115 1129 1143 1160 1176 1189 1209 1224 1245 1262 1278 1294 1302 1313 1325 1337 1353 1366 1378 1388 1403 1421
19
60 128 195 279 358 432 503 566 640 723 797 878 945 1007 1093 1170 1234 1302 1383
98
6 11 19 28 32 38 175 179 187 192 201 211 219 228 235 242 250 475 610 616 622 628 639 644 651 654 662 671 680 686 690 697 879 887 894 898 904 909 915 1053 1061 1066 1071 1079 1084 1087 1091 1099 1105 1111 1116 1121 1132 1142 1150 1157 1162 1168 1179 1186 1197 1201 1212 1217 1226 1236 1244 1246 1257 1266 1272 1277 1283 1290 1296 1303 1308 1313 1317 1323 1329 1334 1342 1347 1352 1359 1366 1370 1375 1383 1389 1399 1403 1409 1412 1414 1422 1429
40
34 62 92 115 145 170 198 240 275 299 336 362 395 428 469 495 523 561 590 618 656 684 710 749 778 807 839 868 901 942 974 1011 1209 1233 1268 1293 1325 1352 1382 1413
85
17 30 48 63 77 92 113 127 136 152 162 310 323 340 357 366 381 400 418 440 452 470 493 511 531 552 565 586 600 614 624 641 647 659 673 698 716 741 756 769 783 803 814 835 849 868 889 902 922 941 949 959 972 982 1000 1008 1022 1039 1049 1062 1075 1083 1096 1110 1124 1141 1156 1170 1180 1189 1201 1221 1234 1250 1261 1280 1293 1310 1326 1343 1361 1377 1398 1413 1427
65
142 160 177 195 218 245 277 298 321 332 352 368 391 407 429 444 462 491 509 525 544 567 591 610 625 648 673 696 717 728 748 764 785 799 823 848 862 878 894 919 941 967 990 1013 1038 1058 1072 1092 1106 1123 1143 1158 1175 1202 1227 1236 1266 1286 1314 1335 1348 1373 1388 1402 1420
21
80 157 220 287 352 426 493 557 619 702 757 830 904 959 1005 1054 1118 1182 1262 1316 1373
73
25 53 71 84 101 124 141 150 163 403 415 432 452 470 484 505 522 538 550 565 575 589 609 620 637 652 674 693 706 723 742 757 772 787 800 829 846 865 884 896 914 929 947 959 973 989 1006 1025 1041 1057 1066 1088 1110 1129 1140 1155 1170 1196 1206 1223 1240 1263 1276 1291 1309 1321 1337 1353 1363 1383 1394 1407 1428
22
16 33 53 72 97 114 142 182 352 598 627 645 815 1001 1026 1055 1082 1320 1349 1372 1394 1418
22
29 164 197 229 449 475 504 539 569 726 759 784 812 838 876 1064 1097 1129 1153 1177 1394 1419
86
13 27 43 58 73 86 101 107 118 132 146 155 169 177 192 216 226 239 250 270 284 300 310 331 353 375 396 411 422 432 449 459 473 479 497 506 525 541 557 575 590 605 618 635 652 664 683 698 711 725 741 756 772 782 795 812 820 837 859 872 888 907 919 1062 1078 1094 1107 1120 1138 1156 1172 1185 1204 1222 1238 1258 1269 1288 1306 1316 1341 1357 1375 1390 1404 1419
96
13 34 46 62 75 94 114 127 145 161 178 197 206 224 234 249 267 281 297 305 312 332 344 360 373 387 400 415 426 442 460 473 482 498 516 535 545 562 579 589 604 619 639 651 660 675 689 701 713 723 738 749 768 783 797 817 835 853 865 886 897 910 928 937 960 982 997 1005 1016 1028 1043 1061 1072 1083 1097 1107 1122 1131 1144 1158 1173 1194 1211 1226 1247 1263 1275 1294 1311 1327 1347 1357 1368 1391 1400 1421
71
18 29 47 65 80 97 114 132 152 175 190 216 235 250 275 491 507 524 541 559 579 599 611 626 640 656 675 691 708 723 743 766 775 795 813 825 843 856 875 896 918 935 951 963 983 999 1011 1023 1036 1052 1069 1090 1110 1132 1153 1175 1195 1208 1229 1242 1254 1271 1284 1302 1328 1343 1357 1375 1396 1410 1424
69
13 25 49 67 88 106 124 139 157 180 201 225 239 253 279 295 307 325 343 354 366 391 406 422 437 461 479 490 513 532 544 555 572 591 605 625 643 659 673 695 714 731 750 768 787 809 826 842 865 879 897 919 936 952 973 990 1011 1029 1049 1064 1080 1094 1111 1126 1145 1161 1183 1200 1416
96
13 26 44 56 68 94 105 114 129 144 161 171 179 192 209 219 232 250 260 276 288 299 317 328 346 357 370 385 395 409 421 437 451 463 476 490 503 516 528 547 561 569 578 586 600 612 623 636 649 662 677 694 706 714 726 739 748 763 781 795 811 826 841 851 860 873 881 1073 1083 1095 1105 1122 1136 1142 1159 1176 1190 1201 1214 1226 1240 1256 1266 1277 1289 1306 1323 1331 1338 1347 1359 1367 1383 1396 1409 1420
56
22 40 59 77 98 122 142 158 189 209 229 247 269 290 308 329 352 372 392 421 447 468 499 526 542 562 588 612 637 662 680 702 718 743 764 788 803 825 843 868 899 919 943 963 983 1000 1020 1038 1052 1068 1093 1117 1143 1163 1410 1430
49
27 61 91 121 154 180 219 249 277 304 336 364 385 412 435 469 490 530 552 576 597 637 670 698 724 746 774 796 830 865 889 923 946 977 1004 1038 1074 1111 1135 1163 1194 1225 1244 1275 1306 1330 1354 1389 1415
96
13 26 39 51 61 73 86 110 119 132 154 168 174 185 201 211 216 227 243 261 279 287 296 308 318 331 338 351 366 376 390 402 412 427 442 457 464 479 500 515 524 532 552 570 576 594 612 625 631 653 669 685 696 703 723 736 913 930 943 953 963 979 990 1001 1016 1038 1047 1060 1074 1093 1108 1120 1128 1138 1157 1169 1182 1192 1203 1218 1229 1242 1253 1272 1290 1300 1321 1339 1354 1361 1369 1381 1393 1407 1421 1428
40
12 25 45 63 76 90 104 263 276 403 553 564 581 596 614 631 644 660 906 912 931 950 959 972 984 998 1016 1030 1045 1069 1080 1092 1105 1127 1149 1169 1192 1215 1226 1420
49
23 37 60 74 95 115 143 170 195 242 265 292 312 338 363 392 422 669 691 708 736 761 792 810 827 856 883 903 929 956 973 993 1021 1052 1069 1083 1107 1141 1163 1183 1204 1243 1281 1298 1321 1344 1367 1393 1421
97
14 29 37 54 69 81 96 108 124 134 149 161 173 187 202 218 233 247 260 268 277 290 302 313 324 339 349 358 369 388 407 421 437 451 464 472 488 503 514 526 545 558 709 717 729 743 760 770 781 788 804 816 828 839 847 859 873 889 911 923 939 953 963 971 991 1011 1020 1033 1049 1065 1084 1098 1115 1137 1149 1160 1169 1181 1194 1209 1223 1232 1247 1264 1278 1288 1300 1308 1321 1333 1350 1364 1377 1392 1405 1418 1428
51
28 51 80 97 121 143 171 191 211 238 259 284 305 334 355 371 390 409 428 455 480 500 520 539 559 585 605 622 661 685 712 736 762 775 804 826 849 875 896 921 943 959 993 1017 1048 1066 1098 1117 1141 1163 1190
95
19 39 55 71 85 102 112 131 151 161 173 188 203 222 230 248 264 275 288 300 315 327 341 361 383 394 405 415 438 450 463 481 501 517 532 546 565 583 595 609 622 632 650 663 676 687 705 722 729 742 752 767 786 801 821 836 862 881 888 903 923 937 954 969 987 1000 1018 1028 1045 1060 1080 1089 1104 1120 1132 1150 1161 1180 1191 1205 1220 1243 1257 1270 1280 1301 1322 1337 1354 1365 1377 1393 1406 1416 1427
49
18 42 72 319 336 354 376 404 426 457 479 510 540 559 588 613 638 664 685 709 730 746 768 792 810 827 858 883 912 929 963 989 1013 1033 1055 1084 1112 1133 1149 1177 1201 1219 1244 1271 1293 1313 1341 1371 1407
78
10 19 26 38 48 58 64 79 89 96 337 346 360 369 376 388 397 408 424 434 447 463 470 481 494 501 511 522 531 538 548 556 572 581 591 602 614 621 627 636 648 656 670 680 686 692 702 715 726 739 747 756 770 779 790 798 805 815 824 828 837 848 1098 1107 1118 1122 1132 1139 1150 1158 1160 1172 1387 1394 1403 1408 1423 1427
67
14 27 48 66 80 91 107 124 138 154 170 184 205 225 248 265 278 296 315 337 348 359 373 390 403 566 583 596 613 629 644 660 674 689 708 722 739 750 768 788 805 818 1035 1050 1069 1076 1088 1109 1123 1135 1150 1167 1191 1204 1223 1243 1261 1280 1294 1308 1320 1341 1361 1371 1391 1408 1426
87
13 34 52 68 85 97 119 137 151 166 174 192 218 233 243 266 288 303 317 334 348 368 383 399 420 442 457 471 488 510 526 542 565 579 595 612 621 634 651 673 691 701 717 736 753 773 792 804 819 833 859 876 890 909 928 941 953 966 985 992 1007 1018 1030 1039 1055 1072 1083 1098 1117 1130 1152 1183 1197 1215 1230 1243 1255 1269 1284 1298 1317 1335 1350 1369 1386 1396 1417
61
19 40 62 81 97 116 137 385 411 442 460 478 500 516 542 563 588 606 623 641 659 674 695 717 737 756 782 807 825 850 866 887 900 917 937 956 973 990 1007 1023 1043 1064 1077 1091 1111 1131 1156 1181 1200 1220 1238 1255 1275 1289 1315 1325 1336 1355 1375 1406 1422
78
21 36 49 61 78 90 97 107 121 132 143 156 172 186 202 214 228 238 251 378 390 396 413 435 447 461 473 490 501 520 539 553 564 579 590 602 627 640 650 658 669 685 704 717 723 743 762 784 806 821 837 852 866 874 883 894 906 917 933 949 961 973 992 1012 1021 1039 1054 1068 1080 1092 1110 1125 1364 1382 1394 1408 1418 1431
35
23 48 70 101 118 133 158 181 204 229 255 279 402 429 662 685 709 740 761 990 1015 1040 1056 1073 1205 1220 1235 1255 1276 1294 1313 1340 1366 1391 1418
23
81 151 218 294 349 392 444 498 566 624 689 747 805 855 920 971 1032 1102 1173 1230 1276 1335 1380
80
12 20 30 42 52 59 66 78 236 246 257 270 279 286 295 307 317 554 560 568 577 591 603 612 622 786 796 802 806 812 817 820 827 836 847 856 867 876 884 894 902 914 926 935 944 1103 1116 1123 1134 1145 1156 1167 1175 1181 1188 1198 1208 1214 1226 1235 1246 1258 1266 1281 1296 1309 1312 1319 1328 1337 1346 1353 1362 1372 1384 1393 1407 1414 1423 1435
51
12 24 33 45 57 65 74 81 305 495 512 523 529 537 547 562 572 584 592 603 762 778 788 800 816 827 1020 1032 1044 1059 1068 1081 1098 1110 1121 1126 1133 1149 1165 1182 1191 1199 1320 1332 1342 1358 1375 1382 1397 1416 1427
32
23 248 266 282 294 317 342 360 375 540 552 561 578 604 625 646 825 845 862 884 903 922 947 965 978 990 1018 1242 1261 1281 1298 1425
35
23 190 210 246 268 291 329 552 577 593 616 644 663 830 857 884 915 939 963 992 1020 1048 1074 1103 1129 1160 1191 1228 1255 1274 1308 1335 1356 1383 1420
13
112 204 289 377 474 571 670 769 866 956 1076 1188 1354
70
6 14 24 31 35 44 56 64 74 76 83 292 299 464 474 486 492 499 510 519 529 536 541 547 555 573 576 585 597 607 615 623 630 791 807 816 823 834 846 854 1025 1033 1039 1052 1062 1068 1076 1083 1090 1097 1107 1116 1125 1136 1149 1161 1176 1187 1195 1202 1210 1214 1227 1235 1242 1252 1263 1408 1417 1426
42
33 63 93 127 152 175 200 226 252 285 316 346 375 403 430 464 496 533 569 604 636 667 700 734 763 791 820 842 867 895 926 1110 1136 1164 1192 1226 1259 1287 1324 1351 1382 1414
66
10 28 47 63 78 89 103 123 148 160 180 202 228 244 257 285 310 325 339 355 372 392 413 437 457 472 495 515 530 559 578 602 625 648 669 691 710 737 756 774 792 812 828 853 870 897 1071 1094 1115 1130 1157 1179 1204 1220 1241 1255 1274 1290 1311 1326 1340 1351 1371 1383 1403 1420
55
22 47 224 241 264 279 304 333 352 373 399 431 456 485 507 527 550 578 599 614 637 666 684 706 737 766 791 814 835 865 891 921 939 954 971 996 1016 1037 1059 1081 1107 1133 1151 1167 1182 1204 1229 1252 1274 1291 1311 1331 1360 1384 1420
44
10 212 225 362 377 391 405 423 436 449 466 483 499 512 523 538 710 728 739 755 767 782 797 804 816 828 842 856 869 883 896 905 924 933 950 958 975 1217 1234 1244 1253 1278 1295 1423
60
17 31 48 66 97 121 140 171 185 202 229 257 280 305 327 353 373 399 421 444 466 485 511 539 559 586 612 634 662 678 698 724 743 773 901 917 942 976 997 1025 1055 1076 1096 1110 1132 1153 1176 1188 1209 1224 1236 1255 1275 1297 1317 1336 1353 1372 1402 1421
51
32 59 84 121 147 171 198 224 252 283 303 337 358 380 403 429 459 483 504 536 556 578 615 639 676 701 732 758 788 817 844 883 912 948 967 988 1015 1036 1071 1103 1128 1154 1182 1210 1233 1258 1291 1322 1344 1380 1410
88
6 18 34 50 65 78 327 340 352 363 372 385 402 410 419 430 443 462 474 490 503 517 528 540 559 575 590 608 621 635 647 654 665 684 695 714 724 742 761 780 793 812 821 837 851 862 873 878 896 907 923 936 949 963 977 988 999 1009 1019 1035 1049 1061 1074 1086 1100 1113 1126 1144 1159 1174 1187 1199 1216 1229 1243 1258 1270 1281 1301 1313 1322 1336 1354 1362 1380 1390 1409 1426
17
20 62 97 128 166 390 594 632 837 864 1044 1075 1265 1311 1354 1381 1411
16
75 158 243 312 382 443 519 608 682 762 835 897 1145 1222 1302 1375
20
63 123 186 248 298 361 428 492 556 612 663 903 960 1017 1083 1145 1202 1269 1329 1388
26
59 111 176 236 284 345 410 469 531 582 633 680 746 803 855 913 956 999 1050 1096 1150 1190 1234 1294 1338 1391
42
28 53 86 113 142 174 321 348 373 397 425 460 494 520 563 590 631 666 692 724 752 786 819 854 878 905 937 966 999 1031 1053 1082 1118 1147 1178 1202 1230 1262 1295 1331 1375 1411
66
14 29 52 74 96 114 135 154 178 198 226 247 259 284 306 330 347 357 384 401 418 430 445 463 489 518 534 552 570 593 611 635 656 676 696 708 725 745 763 776 797 810 962 979 1002 1015 1034 1049 1077 1094 1116 1142 1172 1188 1204 1224 1246 1266 1279 1297 1314 1330 1353 1368 1396 1422
51
31 58 86 100 134 157 186 221 250 280 310 338 374 408 426 452 482 505 526 562 587 617 641 671 696 722 758 783 808 842 873 888 916 950 978 1005 1037 1055 1092 1118 1153 1180 1206 1232 1266 1293 1323 1345 1368 1391 1411
49
22 48 72 94 123 154 183 216 247 273 290 319 341 368 390 537 562 594 626 655 675 695 720 743 772 808 842 872 894 923 948 980 1003 1023 1051 1076 1097 1122 1140 1167 1189 1207 1235 1270 1295 1320 1345 1377 1412
99
10 26 39 54 72 91 110 117 133 154 171 181 194 207 217 228 235 245 265 280 297 318 329 341 352 365 381 401 415 427 442 456 470 486 495 507 516 535 545 558 576 592 607 622 638 653 665 678 694 709 728 743 757 774 786 802 823 831 849 866 890 914 931 940 952 964 986 999 1015 1025 1039 1050 1067 1078 1095 1108 1128 1140 1155 1167 1176 1189 1200 1211 1223 1238 1255 1263 1277 1291 1308 1327 1343 1359 1372 1382 1394 1409 1428
12
242 331 438 543 654 748 848 951 1058 1151 1255 1344
49
24 46 61 94 115 139 163 188 210 230 246 270 289 314 337 356 381 405 426 450 469 489 511 740 761 785 810 831 851 878 895 913 931 958 1147 1167 1185 1200 1220 1242 1254 1274 1301 1327 1345 1361 1386 1405 1422
67
19 35 54 79 107 357 380 394 420 436 456 474 492 508 522 534 544 565 578 602 619 633 650 662 683 705 728 743 766 776 792 810 834 849 868 886 903 921 936 953 977 990 1005 1023 1035 1056 1076 1098 1118 1138 1153 1164 1185 1207 1220 1242 1262 1277 1291 1305 1325 1341 1359 1378 1391 1408 1421
100
13 30 38 48 68 87 93 107 122 128 148 170 183 198 212 229 243 262 275 286 301 314 330 347 359 372 388 406 416 428 445 462 477 488 508 517 535 557 567 579 595 614 628 642 652 670 692 714 727 739 744 753 761 778 792 803 814 831 842 852 872 887 900 916 929 940 957 971 987 1000 1018 1034 1047 1060 1073 1089 1105 1122 1133 1148 1164 1177 1189 1211 1223 1241 1251 1263 1277 1292 1309 1317 1330 1346 1364 1380 1389 1405 1417 1426
32
36 72 114 146 181 223 268 313 349 382 426 453 496 535 591 633 667 712 760 794 844 871 903 964 997 1031 1078 1107 1289 1332 1370 1406
99
14 28 39 50 66 83 97 110 123 138 157 308 319 332 343 355 362 375 389 402 421 436 450 468 479 494 504 517 528 541 557 566 579 595 607 612 623 637 648 661 668 678 694 706 719 732 738 752 763 772 794 809 821 834 845 864 875 888 903 916 931 943 955 959 968 984 994 1003 1020 1033 1046 1053 1064 1078 1092 1103 1127 1143 1161 1178 1190 1208 1219 1234 1250 1258 1266 1273 1293 1304 1322 1333 1346 1355 1363 1376 1390 1405 1425
67
6 12 17 22 29 34 42 53 63 73 79 84 89 98 310 466 480 486 496 505 513 521 528 534 541 546 554 562 571 576 583 585 591 602 611 615 620 623 844 850 854 856 863 869 873 880 884 892 896 903 1150 1159 1166 1173 1180 1184 1196 1207 1213 1223 1231 1233 1240 1413 1422 1431 1437
56
15 184 201 213 240 258 277 300 326 347 363 383 409 431 450 472 489 507 531 550 569 584 605 628 658 680 702 718 739 755 772 791 808 828 842 863 879 902 923 947 967 991 1010 1032 1061 1085 1102 1118 1139 1298 1323 1347 1362 1386 1401 1421
75
12 26 49 70 82 97 116 127 144 156 176 192 207 223 236 248 258 277 295 316 327 346 362 369 388 409 428 445 457 470 483 497 512 530 547 790 815 828 843 859 875 893 907 924 949 966 988 1004 1027 1040 1047 1060 1079 1092 1111 1123 1136 1152 1174 1193 1205 1214 1232 1255 1267 1281 1298 1317 1337 1352 1366 1380 1398 1410 1430
57
24 49 74 94 119 140 161 188 213 242 268 300 322 341 363 389 406 431 453 480 495 523 543 562 587 610 637 661 678 697 721 748 784 819 850 872 891 913 937 970 994 1020 1042 1074 1110 1137 1159 1181 1205 1238 1261 1281 1307 1328 1362 1383 1408
68
27 56 72 92 124 141 168 187 211 239 263 286 302 312 331 354 366 387 407 431 445 463 482 503 521 548 560 585 608 627 641 655 682 693 715 742 762 780 797 822 840 858 876 896 912 933 951 974 992 1016 1040 1062 1081 1105 1132 1148 1164 1194 1220 1243 1263 1287 1306 1327 1350 1367 1399 1422
32
44 88 138 171 211 262 314 368 413 454 490 529 568 615 651 695 729 776 818 863 910 956 991 1036 1080 1130 1171 1203 1248 1289 1336 1395
52
27 49 72 95 124 139 172 207 239 272 305 342 365 395 421 440 466 494 519 549 581 601 627 654 681 718 742 769 794 822 857 882 897 918 946 980 1003 1037 1065 1082 1109 1130 1164 1189 1221 1242 1267 1297 1327 1360 1396 1417
19
77 147 213 273 328 399 466 534 601 674 745 805 870 937 1127 1182 1242 1310 1385
30
43 87 123 166 214 250 283 332 382 418 464 502 552 603 648 697 745 794 837 883 920 960 1010 1047 1098 1149 1187 1234 1370 1403
17
59 131 212 285 533 602 682 753 812 884 946 1010 1098 1167 1233 1310 1373
17
87 160 252 352 429 517 581 657 735 815 898 988 1060 1133 1212 1286 1371
30
36 68 106 138 164 190 225 266 512 559 586 625 654 688 716 747 781 806 830 871 907 951 985 1025 1054 1264 1300 1338 1371 1415
96
14 30 45 60 72 85 102 114 125 139 147 157 171 183 199 208 219 231 244 256 273 283 293 306 316 324 337 346 369 385 394 405 417 429 439 451 462 472 485 500 525 539 555 571 581 597 609 621 630 642 655 667 684 902 914 926 942 956 969 979 990 998 1007 1024 1037 1051 1063 1077 1089 1100 1112 1119 1130 1139 1156 1172 1187 1205 1218 1230 1239 1254 1268 1276 1288 1302 1319 1329 1340 1355 1367 1378 1388 1400 1408 1423
49
33 60 88 116 146 179 206 238 262 291 313 343 369 399 440 473 517 550 578 618 637 674 699 729 760 784 812 846 872 909 938 962 989 1017 1036 1065 1101 1125 1165 1183 1211 1241 1268 1289 1322 1350 1371 1391 1421
91
16 37 54 73 93 101 114 123 134 151 172 188 209 231 250 263 283 297 310 329 347 360 381 392 413 433 449 459 472 490 513 525 540 555 568 582 594 610 619 642 658 671 686 701 714 734 755 769 784 798 807 826 840 860 874 885 896 910 917 932 954 973 995 1009 1027 1044 1061 1074 1086 1102 1117 1133 1149 1166 1180 1197 1208 1227 1240 1251 1263 1275 1287 1302 1311 1326 1340 1359 1386 1402 1423
29
46 92 141 190 232 274 304 344 380 407 450 486 536 572 627 674 722 762 800 841 875 917 949 983 1027 1068 1294 1345 1390
76
15 42 62 87 105 125 138 158 168 187 207 229 253 267 284 296 315 329 348 367 389 407 425 449 465 478 511 538 553 568 586 602 621 637 664 682 703 716 739 753 770 785 804 827 848 865 884 898 913 930 954 971 996 1017 1028 1049 1069 1082 1097 1116 1144 1167 1187 1201 1222 1245 1259 1277 1295 1311 1324 1346 1363 1386 1406 1422
32
45 102 150 183 220 257 295 349 394 438 480 520 553 585 636 678 719 771 810 848 891 941 986 1030 1077 1134 1178 1220 1271 1313 1344 1390
19
70 138 209 273 335 397 455 510 570 630 694 762 832 900 967 1031 1092 1327 1377
14
75 157 404 510 596 690 776 862 931 1025 1109 1189 1272 1349
55
28 45 70 93 126 152 183 209 235 260 281 312 341 368 398 426 452 471 492 519 543 561 581 596 620 659 674 693 721 755 783 808 840 864 895 924 952 984 1006 1038 1058 1088 1114 1138 1167 1191 1217 1241 1265 1286 1306 1326 1354 1386 1411
14
83 171 241 328 430 512 582 660 742 830 933 1024 1108 1191
65
25 41 66 82 99 116 142 165 182 200 214 232 253 274 289 305 322 350 575 588 610 623 645 668 687 704 722 739 758 780 795 812 831 853 873 891 907 918 935 951 967 986 1009 1028 1046 1063 1076 1095 1111 1134 1152 1172 1185 1199 1222 1238 1259 1286 1308 1332 1350 1377 1394 1412 1426
78
12 29 45 63 76 90 103 118 131 146 159 172 186 203 223 238 254 275 290 309 325 343 360 374 393 413 430 443 461 480 490 507 519 531 545 560 578 596 613 626 646 662 676 693 702 718 738 754 768 786 795 810 819 834 847 869 881 899 913 929 945 964 979 994 1010 1025 1042 1058 1075 1089 1104 1120 1131 1146 1157 1177 1184 1198
50
21 48 71 99 120 141 158 174 204 228 258 285 307 330 367 397 416 441 463 483 512 534 562 590 608 627 653 677 697 716 734 755 772 787 811 831 856 879 899 929 963 990 1021 1038 1071 1097 1118 1360 1383 1411
93
6 13 19 25 31 38 43 47 51 208 214 219 223 228 233 238 244 252 260 266 276 279 282 290 295 298 302 308 311 317 320 329 336 345 349 353 359 570 576 581 586 591 601 603 606 614 623 628 633 641 646 652 657 662 669 672 675 684 687 691 696 698 705 949 952 956 962 966 1093 1096 1103 1106 1324 1331 1337 1339 1345 1352 1356 1361 1367 1371 1377 1379 1384 1387 1393 1400 1408 1420 1424 1429 1435
