100 101 97
1 1 1 1 1 1 1 1 1 1 1 1 1 1 1 1 1 1 1 1 1 1 1 1 1 1 1 1 1 1 1 1 1 1 1 1 1 1 2 2 1 1 1 2 3 1 2 3 1 2 3 1 2 3 1 2 3 1 2 3 1 2 3 1 2 3 1 2 3 1 2 3 1 2 3 1 2 3 1 2 3 1 2 3 1 2 3 1 2 3 1 2 3 1 2 3 1 2 3 1
29 30
62 63
89 90
52 53
51 52
44 45
17 18
37 38
56 57
78 79
45 46
71 72
4 5
6 7
92 93
26 27
94 95
20 21
22 23
50 51
59 60
11 12
40 41
98 99
27 28
9 10
32 33
88 89
70 71
91 92
30 31
96 97
19 20
74 75
79 80
15 16
28 29
68 69
2 100
25 26
41 42
10 11
7 8
99 100
2 38
33 34
8 9
81 82
36 37
83 84
34 35
5 6
80 81
14 15
2 42
49 50
90 91
87 88
65 66
60 61
1 43
1 39
3 4
55 56
54 55
24 25
73 74
23 24
35 36
64 65
61 62
1 3
76 77
86 87
95 96
16 17
84 85
58 59
18 19
67 68
69 70
63 64
72 73
82 83
43 44
53 54
21 22
75 76
57 58
48 49
46 47
31 32
85 86
47 48
93 94
13 14
97 98
39 40
66 67
77 78
12 13
