32 1200 25 373 7 475
281 506 575 152 826 270 34 537 244 17 247 195 222 791 226 55
539 268 152 435 664 295 248 397 340 254 277 224 411 121 214 408
94 436 256 333 305 436 415 130 220 658 207 133 613 56 89 625
580 103 518 469 106 364 492 199 394 634 139 887 423 621 187 14
173 484 67 58 505 477 103 560 695 200 608 107 85 431 19 48
135 46 67 259 797 726 364 368 20 337 216 474 19 444 127 461
35 669 772 905 662 279 113 472 290 102 28 353 812 150 51 518
15 176 315 367 655 869 152 129 850 787 143 37 814 219 128 1
194 63 201 172 591 474 58 39 340 239 754 120 403 305 686 391
376 728 53 188 71 129 498 627 783 285 329 215 215 140 64 211
232 634 87 719 312 115 564 447 42 957 393 255 688 268 200 174
283 201 310 593 420 420 373 831 64 232 824 659 456 537 167 215
221 481 85 122 308 40 42 40 966 534 187 234 794 744 244 53
354 133 321 512 431 512 556 217 470 179 170 87 29 60 463 192
59 389 49 375 210 555 221 92 12 243 101 55 271 60 683 368
102 530 330 814 181 138 195 139 102 288 8 236 589 728 231 841
154 142 554 266 4 775 94 142 309 419 667 501 131 199 507 139
110 185 739 444 122 363 49 3 93 10 611 668 92 261 385 406
270 22 21 259 148 67 812 947 381 206 924 104 23 214 468 90
25 413 440 419 536 156 424 184 506 333 155 14 265 630 208 285
472 57 149 403 49 624 1 703 430 217 86 160 46 42 168 157
321 57 757 337 216 393 868 570 88 175 333 292 31 280 134 17
165 46 42 324 148 433 224 273 510 316 387 534 116 207 177 109
50 209 350 803 392 65 205 84 220 873 874 573 204 332 132 145
558 487 11 613 784 502 553 3 271 46 23 62 254 133 4 37
314 423 500 230 583 484 987 877 33 300 411 220 225 125 80 148
940 941 35 94 496 114 76 12 207 401 732 161 17 196 284 251
119 539 131 541 922 291 240 660 33 630 159 840 427 86 100 402
307 630 352 410 118 172 684 397 458 621 388 534 208 133 839 203
91 8 576 421 509 69 857 368 271 32 594 214 65 546 120 432
374 270 290 914 520 292 143 180 782 509 23 363 401 76 51 768
421 441 1 459 8 6 188 591 385 367 304 74 56 7 265 298
71 20 139 126 151 653 349 365 170 292 57 273 133 49 131 224
385 674 769 421 134 489 185 183 146 234 320 426 500 267 433 425
347 265 185 228 98 511 808 604 279 477 514 395 213 589 481 771
12 294 472 150 304 216 322 134 574 104 328 532 279 254 231 339
509 204 560 365 88 90 921 55 64 783 436 161 257 555 149 426
24 73 140 691 225 328 631 634 82 528 133 304 250 408 33 524
74 525 788 80 195 499 691 241 638 205 87 179 511 325 198 566
451 84 560 233 163 818 727 508 935 816 150 242 211 174 860 198
742 422 13 740 230 27 360 240 505 512 815 66 75 747 78 636
81 770 307 425 178 750 405 807 778 594 609 70 244 723 574 296
41 82 445 69 456 11 171 590 884 450 657 102 441 321 418 578
679 345 131 558 250 70 697 65 20 403 43 452 145 321 676 543
287 312 145 270 40 39 420 155 546 396 226 751 45 423 483 197
146 678 811 28 54 311 956 446 225 372 937 11 193 408 89 162
68 107 135 502 328 717 147 97 737 134 261 10 80 904 240 407
289 275 760 194 102 720 251 301 264 806 321 123 217 343 276 542
840 571 208 249 484 413 485 338 343 173 702 760 530 61 735 762
278 12 337 86 304 523 766 130 725 158 144 490 72 440 389 170
155 312 895 290 447 719 149 437 226 408 361 528 195 330 46 321
468 790 281 377 625 18 345 65 99 39 408 181 250 425 148 402
471 209 254 644 514 375 127 158 82 35 296 156 323 563 113 360
142 133 957 22 237 553 33 92 706 304 83 537 151 111 122 381
93 157 529 285 174 578 325 586 299 19 42 303 513 287 659 371
50 842 388 46 590 382 64 327 368 42 495 440 92 335 236 574
24 222 276 214 458 302 48 239 457 886 67 284 554 139 498 807
429 215 569 398 41 560 331 170 444 256 669 100 98 69 581 614
106 752 138 903 537 412 235 35 129 414 61 142 441 380 36 197
384 658 210 185 55 94 805 626 254 511 520 402 624 157 608 111
530 489 451 266 20 68 289 230 299 298 545 259 767 796 127 99
338 92 446 26 358 271 408 45 293 609 33 658 134 444 80 69
118 503 200 114 55 533 86 697 257 126 545 28 515 97 476 378
266 319 9 592 204 474 533 32 684 278 701 226 305 204 114 257
196 621 158 261 822 534 744 18 416 242 202 176 361 599 215 532
376 211 533 22 112 66 181 33 37 16 30 101 449 678 176 113
40 516 879 611 205 457 140 149 642 807 82 140 188 258 22 546
171 141 448 565 304 290 249 702 179 518 201 667 28 25 747 411
898 392 340 182 126 551 37 141 303 446 350 26 392 160 649 373
154 167 613 25 486 644 59 481 751 24 452 32 37 118 671 425
322 220 242 591 819 446 370 452 192 443 146 114 512 366 568 297
376 621 150 913 10 341 115 526 216 329 712 424 298 536 610 200
607 243 756 561 185 353 733 221 165 144 495 145 695 373 210 14
399 422 929 661 246 747 311 833 149 121 510 801 172 287 366 74
46 122 320 156 12 581 474 76 801 510 521 121 288 608 170 880
32 377 181 276 98 296 261 577 607 21 233 161 348 82 308 676
609 129 654 164 499 21 330 571 323 264 416 89 471 200 262 674
792 332 713 452 671 127 100 505 278 171 752 301 444 204 359 405
623 590 872 483 151 435 31 381 366 453 81 730 497 401 137 424
597 41 424 576 553 74 317 494 746 200 495 45 776 352 502 574
94 197 151 913 109 136 286 250 339 500 163 482 871 648 544 26
397 100 96 133 103 237 394 232 496 342 90 425 689 411 359 220
193 900 503 54 596 293 593 453 60 172 649 878 125 78 27 252
416 294 302 50 688 104 613 553 137 91 461 516 631 170 624 182
116 449 578 101 231 89 467 227 297 187 582 323 532 761 54 596
351 292 562 386 850 569 35 219 130 37 176 678 615 734 144 774
350 626 40 467 25 860 99 595 722 606 518 31 183 80 40 167
120 223 339 397 710 298 149 266 211 775 13 412 483 33 271 252
152 549 374 633 646 6 177 901 335 469 81 118 667 34 272 535
71 43 482 472 267 618 738 678 927 504 208 383 694 515 843 233
612 606 591 131 486 210 673 502 197 135 236 527 189 938 744 76
214 83 232 371 755 93 125 484 265 670 348 632 69 524 545 112
591 49 214 126 381 37 187 101 635 588 129 52 66 180 128 165
362 33 63 589 761 612 265 74 899 715 79 374 165 633 234 497
453 41 283 33 682 52 283 215 181 190 34 236 321 17 505 822
605 130 48 797 548 10 515 873 963 123 215 734 61 108 202 834
493 265 279 663 28 332 299 602 720 181 229 92 674 845 505 468
541 28 97 99 447 210 663 281 101 217 421 522 273 499 268 309
233 221 98 344 246 776 246 667 302 350 5 451 420 60 65 818
3 934 165 840 293 442 325 0 657 685 211 19 95 91 526 31
632 321 93 32 262 85 0 321 190 196 125 140 493 368 515 64
577 344 507 76 509 400 101 605 244 191 346 262 366 266 154 201
104 553 13 336 136 138 320 540 242 408 666 396 430 226 107 641
707 213 360 172 134 697 843 6 44 354 637 302 611 109 384 317
398 602 490 87 277 107 147 60 357 427 74 379 99 273 562 698
34 668 74 470 47 279 200 28 61 30 186 501 2 350 111 468
734 72 430 179 543 119 3 167 791 223 454 26 433 88 525 316
729 510 265 92 42 104 832 200 546 76 95 522 104 201 271 159
654 443 111 306 141 577 269 172 513 671 155 221 99 319 83 204
605 557 143 346 492 235 232 213 260 245 278 708 502 83 644 70
486 147 89 510 114 546 87 789 52 476 459 505 408 512 311 169
529 339 228 418 643 19 213 231 253 510 300 193 363 227 297 616
515 818 558 453 427 66 501 172 174 10 248 110 774 444 236 786
749 656 274 359 535 479 83 478 107 462 356 56 287 576 611 68
34 989 8 46 89 620 457 4 137 122 487 729 289 181 709 108
193 229 622 546 22 659 131 261 359 205 429 104 176 59 208 864
86 354 449 99 16 223 23 418 289 148 380 445 86 602 405 605
766 194 60 111 678 166 406 834 623 155 201 666 91 390 422 183
17 364 172 212 42 249 184 240 45 114 398 607 192 335 549 276
37 667 155 25 221 32 208 14 327 225 427 460 317 340 51 249
596 71 594 23 520 295 451 35 343 91 294 272 339 179 411 116
261 11 593 833 104 41 288 256 201 95 735 207 75 304 101 123
464 387 191 800 16 565 141 693 221 206 400 367 273 142 787 227
26 180 124 567 477 264 464 213 239 126 239 564 368 68 471 563
12 850 17 481 394 742 144 323 186 556 579 227 627 221 564 894
699 535 431 374 270 178 219 559 379 836 2 459 151 617 448 223
266 75 88 259 282 582 197 325 759 107 116 832 134 626 703 26
3 381 355 505 111 179 176 364 819 263 634 496 297 692 223 902
117 98 28 355 551 429 46 285 665 330 75 38 877 426 767 461
73 435 95 549 127 175 601 380 76 179 189 215 682 90 411 165
289 89 249 540 600 211 178 465 404 277 225 685 259 360 83 194
302 4 437 258 398 14 529 296 84 157 167 312 893 417 635 101
605 221 274 16 836 27 435 491 391 107 152 763 396 104 592 513
737 228 376 151 786 115 23 161 513 33 105 433 480 58 640 149
582 631 203 471 605 81 688 362 932 298 22 478 454 640 322 513
628 297 528 178 516 287 383 291 205 403 741 158 567 409 12 408
228 373 326 72 555 196 469 110 68 3 91 158 343 883 226 103
197 575 32 468 718 836 133 476 444 538 238 267 567 643 60 431
2 600 744 338 337 32 36 867 931 207 209 347 94 696 36 387
66 809 685 621 760 460 250 320 230 687 801 42 550 581 19 400
244 679 688 482 27 137 20 477 80 718 876 555 700 450 247 273
854 209 191 13 222 647 761 417 84 381 538 874 221 453 219 298
210 93 76 354 541 129 280 54 88 332 284 2 186 222 120 795
655 489 558 314 276 288 593 1 436 385 221 156 249 64 290 114
218 878 46 125 379 323 610 934 517 46 614 765 326 53 403 297
340 641 508 42 295 771 605 410 694 56 212 511 52 21 42 267
112 100 736 368 27 337 93 393 128 303 59 234 270 752 7 503
233 187 107 67 375 3 383 147 544 718 4 179 37 509 780 538
334 423 2 88 222 764 369 636 741 300 89 51 529 46 133 188
35 354 29 320 530 416 384 401 80 852 546 33 285 171 13 215
465 175 328 140 101 90 143 874 192 526 42 351 313 346 516 559
221 42 199 25 69 214 319 238 254 373 755 534 453 38 486 88
482 82 391 626 38 89 585 472 186 245 77 787 7 426 246 707
405 679 30 52 215 750 394 400 310 316 648 686 50 197 292 494
8 74 599 288 371 311 664 99 876 35 441 280 671 61 697 57
285 23 60 134 136 339 2 5 659 23 727 507 297 705 48 707
130 853 132 283 32 273 320 61 687 278 122 757 270 49 181 638
262 798 616 162 480 186 38 474 287 122 144 53 253 897 18 437
92 57 155 3 682 342 315 37 20 241 622 185 267 666 8 418
65 336 580 422 525 17 510 496 244 248 358 551 903 20 42 704
249 447 663 299 152 25 48 236 357 50 801 339 492 79 202 291
530 175 31 204 30 433 270 463 441 98 30 91 260 162 249 72
424 89 222 720 521 218 359 326 180 387 90 159 409 85 517 113
126 925 433 981 689 566 113 241 534 771 541 522 115 549 283 373
10 497 321 278 251 524 537 462 508 96 17 427 237 148 183 339
902 98 201 86 122 574 120 476 385 184 534 944 66 442 244 57
808 440 60 79 262 115 239 616 445 25 203 458 350 73 725 69
44 238 378 111 487 618 278 295 704 914 319 662 343 324 103 390
122 422 640 360 294 205 287 303 463 373 349 577 323 481 151 12
321 405 53 25 374 762 159 618 67 3 488 497 619 61 140 173
149 408 550 594 204 69 583 326 526 247 514 708 384 441 706 534
784 318 292 277 223 112 53 385 485 103 480 226 228 95 198 379
669 163 537 211 198 395 11 394 325 506 285 451 729 445 86 165
711 743 256 749 552 397 93 332 55 309 97 705 436 99 254 927
81 261 115 654 403 539 327 310 298 462 231 849 857 108 359 130
458 268 155 110 515 484 89 0 18 427 79 409 565 761 130 77
18 631 60 755 201 114 240 572 332 524 571 800 110 268 721 934
660 182 53 555 22 60 401 534 279 237 217 505 704 311 265 638
374 77 62 379 241 314 436 194 428 7 555 216 109 59 608 120
394 262 609 187 139 52 242 657 367 208 544 560 167 498 59 220
198 931 75 176 134 286 470 372 153 13 474 422 446 142 30 202
283 186 145 27 810 295 735 129 432 235 27 83 638 151 155 271
13 573 433 431 12 6 12 17 115 274 22 313 124 90 546 197
207 55 125 325 579 47 852 396 247 103 703 302 186 153 833 308
244 207 397 522 103 350 116 243 600 217 183 429 227 690 241 414
440 8 483 578 679 237 458 152 134 250 181 125 152 483 673 693
309 109 64 74 125 265 224 490 208 273 215 13 146 595 545 7
572 491 209 627 80 326 401 176 693 331 504 90 560 135 938 768
343 68 108 109 660 236 5 715 412 831 49 54 293 67 3 113
340 474 2 69 165 79 338 632 196 372 323 197 97 720 454 128
367 638 512 348 909 152 12 37 290 519 213 227 569 74 267 530
484 287 42 50 50 164 203 253 155 117 25 779 161 601 404 212
95 123 430 352 528 289 654 40 494 63 10 213 919 619 899 497
485 684 348 268 56 134 652 479 590 244 584 317 387 288 218 195
749 175 56 315 294 296 481 272 157 32 61 717 531 373 428 571
305 401 44 158 434 860 208 676 753 830 251 406 513 162 2 270
32 92 632 556 516 118 234 144 505 141 363 46 130 603 807 81
48 284 333 225 38 114 498 274 246 785 549 12 222 491 356 343
252 366 124 357 436 127 177 485 20 564 295 706 644 3 206 119
151 131 324 149 209 630 157 588 265 510 146 82 636 112 710 42
869 436 541 303 69 84 122 224 219 289 241 36 486 209 801 525
555 75 891 80 128 741 79 623 496 142 224 555 118 605 419 58
221 586 158 456 458 729 194 328 490 260 279 128 74 322 62 458
716 141 124 327 955 330 345 536 57 161 25 258 24 276 618 885
89 219 713 548 131 538 872 52 363 289 432 200 79 112 495 522
101 44 636 222 124 60 54 113 422 274 367 210 62 343 143 68
89 149 200 109 553 268 81 135 158 125 11 192 49 43 563 154
520 425 47 187 139 244 142 493 412 155 15 112 293 307 50 70
331 31 193 710 213 190 44 352 265 66 168 192 324 9 756 133
576 37 235 67 97 588 317 405 493 275 67 293 567 671 719 24
108 307 1 655 312 309 873 252 825 97 605 250 44 271 700 632
321 140 551 151 331 402 531 57 219 485 491 101 112 14 102 288
229 244 422 249 301 906 692 148 402 440 249 195 311 466 442 679
192 208 403 445 265 590 365 591 211 592 60 318 316 30 254 580
7 867 595 286 152 204 208 152 335 452 928 535 578 513 698 364
309 529 188 309 92 558 78 157 290 262 180 133 819 262 503 633
186 499 250 470 77 325 640 148 403 170 186 354 32 561 35 392
639 743 537 148 127 594 97 76 188 33 368 528 62 181 596 106
646 94 429 522 93 275 757 182 164 261 410 94 904 726 596 564
481 243 152 336 38 6 141 15 293 6 133 176 385 477 355 79
293 232 70 364 844 310 21 470 297 282 127 506 804 475 74 739
13 515 61 746 290 124 665 788 489 426 218 567 375 114 78 388
490 179 40 691 860 346 131 443 498 279 156 490 66 406 852 256
527 63 1 17 182 425 820 847 564 436 339 533 492 731 362 788
222 203 600 302 183 189 587 12 344 222 711 26 134 223 182 149
104 90 5 31 695 90 459 513 613 241 821 306 545 513 749 499
429 320 197 769 212 960 303 509 41 57 166 436 453 28 299 9
238 394 187 1 844 154 455 158 221 502 54 340 942 37 170 421
56 107 355 203 539 13 30 333 927 297 30 151 804 76 14 43
696 246 351 893 385 223 8 703 322 84 28 241 577 53 63 318
245 56 204 36 590 384 143 717 205 607 186 445 596 216 0 15
600 17 184 257 423 368 354 831 86 228 662 851 301 281 161 560
57 707 535 306 57 119 715 353 59 245 154 398 107 14 542 176
20 481 632 162 86 662 449 126 166 247 632 349 196 6 765 2
188 591 48 267 96 337 199 724 10 133 315 385 379 704 6 201
702 223 397 437 255 865 363 18 322 569 176 70 476 55 471 171
536 20 11 772 119 368 25 686 410 352 8 315 348 792 60 198
463 2 267 383 210 325 14 37 301 249 72 214 159 758 74 303
291 101 453 14 613 521 162 257 773 527 33 305 300 232 324 586
388 602 397 188 292 216 147 118 144 246 86 45 120 293 574 362
188 179 314 830 637 567 378 431 75 592 355 163 301 517 475 191
326 362 534 151 665 469 138 223 63 39 23 446 753 236 321 388
262 52 640 327 746 24 260 343 680 188 623 200 309 227 916 53
253 368 252 810 271 80 4 159 369 750 310 645 236 326 394 119
452 391 260 38 830 187 154 14 378 881 65 508 32 131 49 161
242 288 688 92 624 198 781 22 209 69 176 382 424 119 435 560
668 306 245 434 751 270 260 750 542 260 266 575 747 52 710 64
27 121 821 81 440 248 162 504 692 310 129 193 220 627 860 13
294 199 199 209 517 202 345 205 212 18 345 55 807 443 550 405
127 163 306 399 330 598 108 221 78 457 77 121 80 75 493 331
232 626 206 610 689 526 441 253 162 254 342 750 457 180 43 347
175 942 7 418 96 225 139 313 728 333 289 230 138 694 388 427
48 88 247 329 132 247 480 324 774 502 302 572 430 454 428 174
219 382 932 90 315 143 80 303 248 661 494 571 375 173 450 10
430 12 71 140 30 536 560 522 430 564 539 167 285 768 131 585
131 209 690 366 205 339 7 227 549 93 340 234 136 148 831 793
102 105 422 29 27 419 492 240 179 434 702 818 451 520 295 304
7 302 111 645 353 319 111 279 129 302 288 81 227 274 289 777
493 221 353 4 677 391 135 359 328 495 456 280 117 92 170 741
332 92 272 445 382 842 300 209 588 192 168 368 669 332 42 458
614 23 61 430 223 14 436 666 890 297 28 809 127 923 128 417
149 873 68 199 94 289 504 4 371 326 34 261 45 414 89 213
102 627 375 281 823 203 646 119 371 338 241 262 301 657 104 38
44 130 544 63 539 705 17 127 876 783 322 193 401 419 222 10
337 279 174 322 58 342 38 389 102 691 401 616 82 388 359 645
193 338 768 119 7 325 17 622 511 41 391 836 188 552 8 462
485 476 122 458 320 319 104 99 242 96 405 325 365 172 113 601
227 206 202 309 464 427 437 888 483 9 447 786 161 456 431 246
117 879 408 689 92 806 612 477 8 469 810 489 642 110 44 93
199 222 172 393 217 457 626 344 152 18 6 350 318 598 64 210
144 9 447 794 321 10 20 213 69 400 162 276 169 553 201 282
754 240 159 0 209 101 204 102 333 246 318 529 304 708 159 457
200 84 309 251 108 137 482 930 43 207 928 632 317 401 320 248
562 289 557 462 126 907 223 471 565 262 518 243 349 7 348 169
620 811 31 268 434 382 366 32 30 285 623 6 4 653 553 382
304 124 106 508 315 95 696 70 486 39 45 492 93 533 788 605
499 423 127 182 218 360 241 259 784 168 53 228 36 420 449 396
703 321 80 82 547 296 214 476 151 871 834 870 180 245 449 205
312 178 594 621 497 647 340 259 34 871 315 351 454 458 237 25
106 572 606 139 534 672 260 619 568 405 379 314 38 266 315 113
480 122 744 241 343 76 434 1 367 253 187 472 302 248 429 595
657 230 555 24 345 80 266 529 67 875 244 150 197 180 103 275
124 758 584 423 178 166 186 51 175 238 561 434 149 219 281 123
654 519 26 297 225 71 454 294 162 133 294 444 426 334 140 842
240 531 474 795 322 449 35 22 487 232 73 135 151 292 689 97
189 226 65 473 597 17 68 238 558 295 160 183 385 273 74 753
101 14 3 149 399 440 561 122 196 524 510 46 13 545 420 368
452 510 356 289 269 361 266 240 212 784 120 387 347 620 50 807
272 238 526 954 16 127 181 359 460 170 443 67 600 206 724 596
189 206 634 186 437 213 751 101 83 312 43 793 441 56 666 546
442 63 477 125 307 104 535 640 4 133 523 548 63 106 191 185
373 98 124 61 235 275 4 947 532 16 526 422 514 173 276 522
2 183 83 269 200 305 28 591 18 61 372 516 494 434 276 333
26 163 69 724 40 126 592 46 35 50 392 106 351 71 175 695
299 297 158 911 303 482 72 467 329 208 693 350 577 885 367 717
349 78 111 251 49 651 625 149 281 518 387 581 736 23 669 117
98 72 466 101 40 318 570 74 33 487 264 344 806 296 307 1
341 351 753 572 383 285 330 643 693 153 462 962 833 559 113 612
39 579 233 398 724 594 229 210 94 34 589 486 215 743 103 334
278 576 414 353 920 810 215 713 577 728 747 181 197 766 337 31
90 12 149 303 187 313 405 343 81 674 584 154 453 124 101 519
242 148 643 53 466 494 38 82 108 75 103 387 46 414 328 391
410 611 401 554 47 771 322 64 360 523 101 72 17 12 81 150
464 88 319 601 410 76 547 41 312 24 541 543 45 4 112 590
67 508 435 139 239 82 481 495 156 519 77 129 424 98 348 829
397 339 399 150 500 618 464 90 116 77 247 655 106 695 938 404
782 21 169 16 122 605 67 133 232 20 782 431 434 387 220 696
117 82 183 309 290 844 524 280 211 19 138 118 609 297 188 725
27 40 33 526 748 54 250 403 172 146 334 228 102 532 473 270
330 388 607 484 502 482 102 20 536 45 43 744 630 223 92 31
818 187 68 177 169 50 420 861 187 637 474 870 153 52 39 706
424 307 627 66 632 721 733 173 158 305 491 331 37 391 266 532
110 553 72 294 259 355 752 556 313 106 285 631 322 316 20 329
68 595 270 881 292 634 57 157 243 426 212 389 281 286 112 343
547 189 445 378 11 260 481 524 133 792 752 218 697 359 454 487
806 41 695 238 18 126 417 405 245 730 100 480 359 207 744 205
551 346 689 220 456 2 820 329 412 104 333 505 118 351 288 7
347 46 320 550 296 157 10 172 82 71 22 167 132 88 414 222
880 64 760 191 462 584 545 198 363 606 632 146 114 768 788 331
107 61 327 173 110 190 206 453 90 132 224 764 743 165 835 143
580 343 169 118 775 132 7 567 119 349 270 574 467 54 65 60
445 606 154 278 325 667 413 406 600 201 300 484 110 106 759 33
431 341 184 32 544 260 368 694 500 475 420 251 736 647 47 99
87 20 107 103 48 10 80 247 50 257 654 798 420 75 223 210
660 28 97 416 80 287 288 393 320 300 551 36 279 487 32 133
374 223 182 306 57 363 90 625 388 592 171 687 164 239 246 102
192 147 13 264 276 227 557 83 583 187 180 60 36 159 587 448
193 21 127 615 485 693 212 435 35 126 247 631 133 631 542 332
540 246 348 144 156 307 24 807 290 403 399 335 556 320 353 658
97 863 566 126 143 147 648 16 120 219 87 281 120 216 310 12
687 37 337 213 374 168 351 584 194 187 75 11 383 643 330 85
194 791 603 439 556 524 404 648 218 362 311 699 221 214 749 401
252 434 303 473 97 554 84 542 376 18 451 311 444 112 452 328
880 124 189 26 729 247 43 438 76 433 163 566 63 903 344 15
636 809 132 154 465 428 838 581 793 26 421 55 12 52 307 254
234 726 494 177 430 323 447 421 337 138 571 557 5 88 472 100
890 228 407 311 286 24 97 298 709 422 574 102 208 725 99 454
420 56 338 266 182 465 177 54 483 529 41 151 129 30 508 703
748 357 406 448 9 427 185 783 287 70 170 464 209 944 105 260
187 212 638 454 101 563 197 105 208 25 65 148 516 310 769 76
186 207 10 342 750 37 27 144 21 162 449 767 320 258 170 383
548 397 493 216 268 688 485 210 48 315 186 334 428 47 325 275
475 41 320 557 397 870 178 73 88 403 45 187 881 6 289 318
291 8 629 101 750 269 515 477 1 711 292 25 438 286 161 459
144 937 548 867 146 202 78 512 150 82 537 463 583 123 104 319
489 163 487 523 254 404 128 433 427 73 447 93 239 689 405 156
180 64 163 536 367 154 207 507 9 581 405 428 408 491 252 401
512 326 20 24 186 548 223 85 87 6 433 474 637 162 300 421
354 64 299 301 761 270 388 603 59 330 44 167 115 483 111 436
126 300 279 688 320 294 304 111 228 79 216 51 48 168 266 791
420 116 573 136 157 625 340 59 540 421 421 683 163 543 204 429
776 402 445 41 97 315 265 125 252 367 480 719 268 697 816 641
91 378 620 327 66 26 25 508 325 277 789 73 677 585 203 108
62 112 125 29 296 54 793 462 429 169 507 449 497 619 35 53
571 268 156 67 691 125 431 29 563 31 168 634 7 234 147 620
359 139 759 323 371 614 799 113 34 798 284 119 322 95 531 35
356 23 29 215 76 442 275 81 430 21 731 542 148 225 455 801
22 95 188 160 34 36 288 482 814 403 79 306 115 573 309 70
604 467 522 485 103 731 57 337 426 287 39 96 198 621 364 78
513 189 552 227 212 784 325 706 173 364 22 245 438 826 575 187
408 804 248 632 359 102 164 810 138 75 775 960 164 79 432 173
38 564 29 41 762 595 324 405 692 326 71 61 432 715 448 477
168 617 337 120 204 222 27 486 333 370 205 128 51 244 512 123
60 238 485 167 788 192 199 378 585 366 471 894 119 491 563 612
231 388 352 481 137 105 484 493 18 605 133 857 321 320 104 135
162 366 34 600 408 71 273 227 85 876 56 643 574 177 698 371
73 38 588 224 72 477 555 580 418 301 102 467 372 52 476 723
6 149 309 159 765 78 161 230 67 758 353 96 21 157 25 474
207 44 482 281 535 725 480 599 56 633 214 160 120 436 643 605
874 629 721 487 142 212 171 230 237 14 770 489 289 583 545 116
760 217 402 25 128 358 261 810 309 173 214 135 664 9 91 72
250 172 464 321 26 810 100 784 26 533 378 431 642 203 741 377
821 62 134 558 420 641 743 772 826 61 326 7 734 147 37 189
660 417 301 390 324 129 443 652 201 113 187 142 123 507 419 13
316 189 79 549 362 182 8 249 344 300 492 755 660 33 212 190
122 344 722 180 765 723 68 13 69 75 501 264 603 520 594 354
88 116 644 118 920 320 332 222 24 750 677 415 495 691 44 338
54 38 396 747 262 805 243 20 49 161 233 107 21 275 346 275
512 208 0 140 925 305 209 556 532 379 5 152 176 754 213 760
62 628 184 189 325 241 97 520 408 288 465 111 226 143 464 241
13 642 221 75 400 427 343 160 37 389 121 190 141 98 61 102
675 99 445 440 408 626 258 58 207 264 789 51 648 569 277 35
183 96 276 111 144 381 521 138 342 77 0 402 759 306 626 804
712 59 466 155 546 173 410 201 252 307 543 386 636 243 62 107
808 302 691 269 29 447 399 371 116 211 99 133 59 755 318 36
472 72 720 290 264 453 597 540 93 155 177 106 430 464 229 451
240 699 31 10 235 424 204 697 408 110 554 636 484 192 30 345
516 10 322 426 250 627 535 248 426 837 880 588 375 173 369 70
181 525 151 600 890 484 15 436 210 537 237 90 365 198 219 255
756 607 142 317 761 65 162 44 388 542 151 800 357 394 160 419
666 43 283 283 756 245 240 560 245 291 642 847 98 547 197 97
521 483 482 574 195 258 397 436 481 335 195 469 266 223 366 878
38 58 882 829 923 523 136 538 356 481 147 414 648 298 31 279
231 34 464 632 634 627 379 358 5 117 176 286 491 470 530 589
115 243 162 198 230 600 284 719 364 308 266 68 403 351 449 523
658 235 195 405 83 567 239 592 274 637 341 540 323 214 290 539
117 577 526 755 183 137 123 830 22 427 112 348 318 460 195 464
114 267 172 358 129 565 355 613 586 93 181 61 28 14 262 201
97 299 18 492 687 583 35 262 276 215 304 384 293 414 174 74
346 649 530 327 53 80 295 227 436 232 650 46 623 72 125 630
145 437 168 194 86 89 241 33 287 59 245 83 55 472 470 319
314 200 876 88 102 264 72 270 489 212 394 155 612 118 648 0
235 164 178 61 490 508 312 368 234 767 112 99 805 45 254 103
388 624 556 902 516 775 150 709 135 578 333 268 80 250 795 967
37 274 333 296 22 31 445 784 188 767 68 431 134 161 694 858
315 223 7 45 146 652 21 436 24 286 285 699 56 92 339 128
90 787 55 512 6 51 167 546 295 89 795 165 599 230 980 371
411 844 187 301 548 265 634 155 427 195 635 288 471 78 109 9
340 802 790 24 183 497 376 615 107 889 861 137 210 8 129 683
277 66 440 104 483 797 212 513 217 313 229 87 843 713 226 223
263 123 252 331 142 395 186 271 137 559 35 411 534 106 470 850
247 185 743 210 61 292 334 212 48 114 179 680 201 583 58 356
102 264 819 113 211 545 394 757 41 464 721 297 505 739 357 382
274 215 164 327 399 288 397 113 344 300 594 555 150 432 189 219
28 27 228 678 111 622 374 132 292 249 518 115 113 480 99 411
279 776 167 487 874 591 189 479 148 39 4 2 371 578 250 90
18 566 240 355 867 267 77 310 51 93 410 461 369 266 932 433
85 68 377 424 251 289 778 96 20 417 584 324 155 368 302 201
55 76 651 425 716 45 288 256 20 145 598 173 740 213 213 263
341 93 115 121 516 128 160 111 351 124 59 865 295 97 449 214
50 445 64 187 554 512 122 559 961 354 293 829 231 52 433 414
287 242 193 414 168 271 738 524 57 106 176 404 40 106 405 166
279 845 722 309 395 66 504 168 929 54 38 25 452 642 433 123
152 630 179 232 434 330 616 622 537 740 273 538 29 637 519 617
452 115 176 225 69 377 23 151 207 244 462 102 399 602 125 384
81 69 489 498 630 185 416 244 208 536 162 138 242 47 278 398
562 17 8 451 241 39 245 2 239 520 232 391 461 113 308 95
38 221 465 481 679 41 37 550 258 181 298 206 740 17 210 373
501 306 470 575 354 88 700 702 39 301 860 670 389 702 310 10
471 504 278 456 90 88 128 125 292 529 554 289 537 482 332 185
333 113 279 665 161 438 395 10 138 554 374 100 113 174 375 45
28 52 539 171 516 10 330 441 223 353 100 865 195 87 265 218
265 202 672 31 302 500 265 556 551 110 777 671 243 599 384 171
626 766 273 755 309 690 379 471 949 113 590 208 20 552 340 634
286 351 54 859 267 204 113 767 571 178 54 366 808 3 24 243
130 41 619 608 276 476 286 245 791 491 213 75 519 337 361 209
694 260 139 475 544 35 89 170 163 201 675 719 24 174 95 4
65 847 781 8 590 928 255 599 148 2 79 453 429 580 432 69
158 486 148 325 46 581 184 302 150 341 641 329 669 412 369 796
274 47 498 346 370 438 308 41 302 616 745 121 34 143 110 565
4 177 303 65 512 229 152 192 397 785 496 88 93 703 153 713
196 246 214 314 623 686 112 740 231 244 382 240 580 533 231 319
380 438 85 400 592 256 34 145 859 56 196 355 472 133 288 288
343 144 171 929 307 499 70 196 730 105 475 748 325 289 299 341
114 395 597 281 213 508 421 516 618 251 174 596 336 528 776 405
153 107 249 278 729 343 82 190 246 363 240 588 84 138 366 174
295 70 127 188 4 661 440 595 94 209 112 25 71 131 268 282
72 330 136 122 180 198 170 134 646 23 89 666 484 257 613 84
506 210 659 72 680 139 14 76 142 42 366 2 186 87 408 704
25 183 560 685 118 231 674 152 225 63 240 50 715 840 105 513
165 73 649 815 427 278 347 186 746 303 642 164 44 272 480 161
460 257 249 585 401 182 354 594 42 32 799 613 81 217 143 634
806 481 502 217 238 7 957 2 370 158 324 295 366 181 115 32
515 728 536 297 778 448 616 301 399 553 253 663 403 331 171 34
470 221 325 152 115 435 419 149 612 149 388 264 515 42 487 391
569 409 351 717 178 468 27 833 213 112 420 414 6 671 505 280
308 113 565 204 733 306 30 477 744 333 770 691 314 146 351 633
388 18 284 282 140 471 180 506 257 557 193 464 238 862 485 60
123 78 46 472 181 219 211 192 739 194 410 91 253 730 2 207
264 241 166 259 155 120 308 415 522 273 538 686 184 406 255 691
101 124 256 340 790 90 32 358 214 902 681 281 368 257 31 290
491 43 9 515 196 806 631 211 283 6 749 615 729 140 562 155
528 104 80 140 628 29 613 95 56 720 689 396 534 290 425 629
395 97 482 643 351 429 296 88 238 614 390 397 80 418 181 133
543 212 528 672 302 602 66 148 216 390 272 216 55 190 246 364
234 708 804 445 198 263 448 125 393 105 54 417 137 128 125 219
11 329 641 30 375 714 657 343 859 319 256 518 452 399 361 271
752 262 183 503 41 416 232 432 201 209 613 234 68 353 35 711
866 423 321 54 679 592 105 701 303 603 799 618 155 163 619 26
562 99 2 638 181 83 331 2 224 239 283 225 444 741 285 33
471 180 158 255 82 150 318 314 575 426 1 60 282 676 188 134
568 515 41 152 614 155 57 380 106 81 85 417 783 160 746 560
533 375 101 603 23 168 778 778 25 296 71 209 114 138 356 64
669 563 106 258 349 443 377 47 235 67 454 423 200 384 340 86
652 801 444 43 19 484 245 38 64 187 387 65 490 25 10 789
53 320 57 419 143 478 57 672 573 143 304 306 57 407 359 214
81 63 13 835 684 17 203 521 411 231 289 439 316 637 296 374
785 814 673 193 590 155 336 253 90 169 474 308 38 461 64 68
224 222 437 263 875 112 681 418 277 508 215 329 45 330 108 54
255 462 650 182 119 775 257 781 29 767 111 173 272 133 468 74
251 581 14 23 783 409 781 64 304 438 166 541 755 410 420 781
767 54 454 311 135 308 13 649 866 185 400 25 89 471 309 347
635 516 311 159 163 503 184 121 511 338 93 494 50 756 201 322
53 211 542 10 380 214 172 136 544 464 232 126 372 296 506 383
252 218 232 1 326 559 289 24 21 719 226 416 530 777 488 98
96 826 94 375 149 657 82 120 192 173 536 271 632 42 351 275
778 56 466 264 447 644 178 548 557 247 437 73 191 164 590 661
668 738 199 429 643 472 568 109 47 124 67 669 315 268 144 112
302 435 816 884 232 507 983 408 268 762 258 48 178 183 111 237
186 374 458 655 293 553 295 265 292 242 598 459 30 260 551 804
616 768 212 542 429 317 622 56 368 449 373 374 195 337 243 569
626 649 148 414 169 686 630 319 402 208 499 9 389 0 669 583
344 117 817 410 351 354 593 442 712 318 17 11 473 500 273 375
179 622 411 2 772 457 366 179 572 671 235 216 649 441 852 753
179 38 347 545 104 481 57 139 81 336 394 31 306 513 677 520
301 128 264 86 67 424 38 362 532 5 257 54 312 5 73 271
523 248 295 523 352 805 500 252 3 332 113 183 746 5 580 211
290 175 352 692 387 222 547 604 231 136 557 278 55 294 449 872
0 145 579 618 639 414 5 8 132 619 373 108 215 21 324 423
434 181 128 124 101 627 75 587 550 232 670 384 240 233 702 21
629 30 74 563 734 562 679 146 512 615 708 332 256 708 249 416
401 301 693 177 298 604 223 56 540 127 343 341 125 105 123 189
421 383 6 21 260 386 389 135 362 328 553 488 338 409 73 722
230 421 135 149 574 164 447 467 562 322 487 175 788 578 72 267
159 262 349 248 513 247 54 143 67 364 286 420 508 453 2 186
194 367 248 260 279 107 871 65 456 110 136 382 97 18 434 186
394 481 480 473 496 266 322 233 89 382 20 161 678 641 141 7
27 560 281 237 57 256 504 80 622 228 203 562 231 261 356 409
544 770 117 124 976 103 678 358 158 126 149 53 444 693 406 190
55 233 647 87 327 473 816 499 664 195 79 663 1 435 311 691
155 351 60 355 50 26 401 238 476 53 341 308 24 218 653 295
64 5 79 136 308 65 161 225 354 37 566 64 168 214 354 451
9 473 700 690 109 251 211 324 369 599 322 328 140 500 107 446
464 416 220 55 559 685 603 69 490 423 166 372 773 240 229 158
516 191 462 302 334 31 149 252 561 572 796 339 38 354 555 367
234 197 522 421 207 1 166 55 453 434 458 837 452 187 60 733
699 929 270 352 266 433 101 645 36 322 206 678 343 76 455 525
73 371 313 135 497 130 109 52 558 374 278 192 47 282 791 524
533 276 140 322 172 144 413 27 360 600 248 622 410 156 732 110
281 424 746 493 654 651 337 119 454 149 589 892 127 33 467 122
528 462 436 454 16 64 47 437 277 199 131 869 210 177 198 349
367 308 280 756 671 25 222 460 689 250 62 704 564 672 364 257
500 480 330 394 335 664 96 6 216 123 11 83 831 343 155 97
161 481 629 323 513 298 135 579 142 628 87 3 831 298 79 352
470 529 481 457 470 181 155 47 442 645 320 735 256 15 435 629
129 529 435 295 230 566 394 500 268 192 445 223 391 53 158 273
40 86 70 295 419 141 26 137 85 138 645 270 97 136 398 686
583 590 504 20 291 315 314 621 815 543 67 463 799 793 119 332
166 92 172 636 306 426 233 83 370 377 395 566 634 119 385 72
68 185 633 379 183 146 23 83 322 306 137 652 233 4 130 301
509 373 165 252 126 375 847 443 833 279 106 359 808 640 83 39
16 290 489 418 342 377 404 73 45 91 615 887 433 258 253 169
302 240 126 335 169 10 44 642 461 598 226 362 13 57 22 366
304 339 733 24 47 465 766 51 43 671 559 115 602 71 25 32
357 556 68 472 620 713 13 56 336 206 24 591 240 60 221 585
279 428 363 285 118 380 191 65 187 98 291 327 885 314 357 195
382 196 200 608 845 118 241 50 856 31 363 393 121 58 4 325
425 71 10 340 381 851 175 293 662 353 12 108 386 42 182 48
459 669 547 16 402 309 165 136 101 43 485 928 482 385 621 83
78 556 831 847 466 205 127 689 484 614 584 411 153 92 1 356
116 738 497 149 356 442 882 194 785 925 690 627 93 154 27 152
643 402 175 394 203 158 411 255 41 185 447 227 180 281 458 738
189 555 286 838 265 582 268 536 32 198 676 24 390 81 128 69
512 23 65 311 246 88 576 322 119 612 136 35 596 507 70 525
441 863 24 475 235 169 356 821 322 622 367 238 476 341 905 307
257 302 339 83 275 347 173 369 344 659 230 631 313 46 77 493
160 405 449 396 61 427 78 353 691 47 619 395 83 155 566 679
641 379 261 542 171 432 526 146 82 211 47 23 467 406 182 530
920 93 106 483 795 298 826 84 197 34 51 433 616 482 255 190
218 129 59 406 17 638 699 293 29 329 768 100 135 349 134 484
455 456 140 449 356 461 683 468 381 100 422 147 67 388 17 249
57 388 392 53 231 323 153 87 536 85 63 34 64 45 21 690
330 466 188 36 404 339 143 933 866 60 695 215 132 463 27 306
284 599 353 413 24 582 465 370 332 538 599 90 121 582 155 114
296 106 296 621 64 135 432 170 162 294 389 634 348 570 79 123
20 133 859 608 363 655 324 39 703 70 142 92 645 501 467 191
533 642 42 51 99 174 853 451 389 415 102 136 127 245 510 271
834 205 2 84 221 354 342 474 529 239 279 934 339 10 102 96
241 312 514 427 326 73 589 52 666 65 252 57 286 129 0 235
99 83 637 106 727 15 158 170 122 172 926 19 341 443 416 264
600 47 51 44 252 244 77 15 272 417 328 732 188 51 592 312
276 0 5 878 382 722 370 276 615 306 153 18 205 289 280 40
425 197 254 490 691 127 95 42 641 27 98 380 161 710 8 127
235 246 821 404 14 266 154 200 668 366 720 603 74 370 653 617
117 444 119 138 567 190 102 232 328 136 144 60 487 186 234 221
200 161 434 607 299 104 488 838 192 580 267 556 554 194 183 183
330 301 176 315 107 349 12 307 437 605 82 547 696 479 724 90
65 359 174 99 54 658 61 396 287 62 276 313 332 6 12 427
701 413 501 398 102 164 164 22 517 305 215 230 372 17 9 251
493 32 44 817 813 233 30 501 320 179 535 220 62 141 316 729
636 807 144 565 224 112 189 377 46 10 513 142 314 4 2 22
300 740 45 122 261 115 372 254 74 307 289 135 325 641 604 105
377 472 597 692 737 146 30 641 246 280 361 144 396 215 181 155
82 172 524 356 368 375 404 405 266 814 189 250 310 200 34 492
142 338 450 16 524 355 249 729 190 160 153 931 787 69 275 515
468 148 249 328 403 525 265 468 459 99 422 42 619 299 560 604
68 751 56 73 154 443 30 129 438 64 870 418 571 758 149 83
53 672 388 274 428 352 628 375 43 23 126 760 551 285 472 811
234 302 121 88 921 15 185 894 324 882 30 47 389 184 4 492
456 621 20 720 641 210 160 103 188 44 347 229 242 338 491 358
68 540 434 171 173 97 71 814 385 535 132 612 266 176 135 553
520 154 169 30 350 402 65 81 467 636 369 94 503 72 269 307
56 424 469 786 493 14 264 302 285 557 386 98 38 333 95 722
94 501 597 784 366 69 263 176 496 223 363 405 132 93 348 2
369 456 159 318 83 65 70 20 406 477 280 101 192 477 270 142
16 804 434 274 424 152 406 292 219 602 839 93 488 292 367 268
252 28 347 183 394 600 519 94 375 255 151 153 100 144 643 635
65 191 469 158 154 299 369 254 434 81 315 2 16 369 570 415
504 139 470 350 164 157 177 5 107 461 167 331 591 284 166 532
113 155 547 776 405 5 925 370 721 109 124 190 182 492 876 307
353 91 100 19 75 150 69 78 101 322 46 117 752 396 444 125
149 925 560 168 156 66 649 18 595 397 414 247 286 637 144 305
658 1 405 464 174 10 367 391 307 254 89 167 365 385 584 245
59 274 226 583 955 409 172 153 130 377 400 275 410 162 271 674
456 341 604 207 332 130 10 305 267 35 157 151 545 268 766 421
173 129 599 227 631 887 42 536 496 283 454 6 218 71 405 492
764 327 14 292 475 119 551 260 448 468 286 268 773 235 310 283
167 213 651 349 269 104 166 94 233 398 658 279 266 481 500 491
513 117 767 185 213 206 409 102 204 917 31 602 739 283 507 338
148 587 611 144 118 261 352 33 677 563 383 149 840 244 233 325
